IGZO
bulk       # 3D case (instead of surface)
3.2920000000 0.0000000000 0.0000000000
-1.6460000000 2.8509560000 0.0000000000
0.0000000000 0.0000000000 22.5200000000
4
18
1.6460000016 0.9503186657 18.7666666592 0/1
0.0000000000 0.0000000000 16.8900000000 0/1
1.6460000016 0.9503186657 15.0133333408 0/1
-0.0000000016 1.9006373343 7.5066666592 0/1
0.0000000000 0.0000000000 5.6300000000 0/1
-0.0000000016 1.9006373343 3.7533333408 0/1
0.0000000000 0.0000000000 0.0000000000 2
0.0000000000 0.0000000000 11.2600000000 2
1.6460000016 0.9503186657 20.6433333408 3
0.0000000000 0.0000000000 18.7666666592 3
1.6460000016 0.9503186657 16.8900000000 3
0.0000000000 0.0000000000 15.0133333408 3
1.6460000016 0.9503186657 13.1366666592 3
-0.0000000016 1.9006373343 9.3833333408 3
0.0000000000 0.0000000000 7.5066666592 3
-0.0000000016 1.9006373343 5.6300000000 3
0.0000000000 0.0000000000 3.7533333408 3
-0.0000000016 1.9006373343 1.8766666592 3
1 1      
.0001      # Finite precision parameter
full       # Generate a complete listing (e.g., don't consider AAAB==BBBA)
3 3 18
3 3 18
2 2 18 
10 10 18 