new
bulk
7.7402262688         0.0000000000         0.0000000000
0.2415176718         7.7364573227         0.0000000000
0.0000000000         0.0000000000         7.6185002327
5
40
     2.153688328         5.763660742         5.713875175 0
     5.903042627         1.895432081         5.713875175 0
     5.948814448         5.841025242         5.713875175 0
     1.957942478         1.972796580         5.713875175 0
     0.000000000         0.000000000         0.000000000 1
     3.990871970         3.868228661         0.000000000 1
     0.000000000         0.000000000         3.809250116 1
     3.990871970         3.868228661         3.809250116 1
     3.870113134         0.000000000         3.809250116 1
     0.120758836         3.868228661         3.809250116 1
     3.870113134         0.000000000         0.000000000 1
     0.120758836         3.868228661         0.000000000 1
     2.078701314         5.841025242         1.904625058 2
     5.828055612         1.972796580         1.904625058 2
     2.032929492         1.895432081         1.904625058 2
     6.023801463         5.763660742         1.904625058 2
     3.654554951         4.215208709         1.904625058 3/4
     7.403909250         0.346980047         1.904625058 3/4
     0.577834749         7.389477275         5.713875175 3/4
     4.327188989         3.521248614         5.713875175 3/4
     3.533796115         0.346980047         5.713875175 3/4
     7.524668086         4.215208709         5.713875175 3/4
     4.447947825         7.389477275         1.904625058 3/4
     0.457075855         3.521248614         1.904625058 3/4
     5.805169702         0.000000000         7.276429572 3/4
     2.055815403         3.868228661         7.276429572 3/4
     3.930492552         1.934114331         3.467179455 3/4
     0.181138254         5.802342992         3.467179455 3/4
     4.051251388         5.802342992         4.151320778 3/4
     0.060379418         1.934114331         4.151320778 3/4
     5.805169702         0.000000000         4.151320778 3/4
     2.055815403         3.868228661         4.151320778 3/4
     4.051251388         5.802342992         7.276429572 3/4
     0.060379418         1.934114331         7.276429572 3/4
     3.930492552         1.934114331         0.342070661 3/4
     0.181138254         5.802342992         0.342070661 3/4
     1.935056567         0.000000000         0.342070661 3/4
     5.925928537         3.868228661         0.342070661 3/4
     1.935056567         0.000000000         3.467179455 3/4
     5.925928537         3.868228661         3.467179455 3/4
1 1
0.01
full
#comment
1 1 10
1 1 5
1 1 10
1 1 2
1 1 10
